1.73017926184
3.37105888712
2.29292364348
7.08552640522
7.10939198565
-9.85432019931
2.51806441802
0.327880011226
-2.19378027322
-3.56208725196
8.14094489208
6.22056944108
1.07903403909
-8.82488345185
3.38948936073
6.91831822107
-2.77795808066
-5.77866802576
9.47140140011
1.5666222301
-9.47320001907
-2.57916640632
-8.81462060267
-2.16800746114
-1.93530337015
-0.576621947735
-7.26164890769
-1.03524472637
6.98392185086
3.8793625629
2.7680468674
-7.36462455449
-7.21326796075
-8.65306545146
-6.13639676888
2.54131458947
7.31775920652
-1.19465438488
1.78203892239
-8.4473887599
1.56487496706
-9.88046022928
3.93014894464
6.38087477635
-4.68438621787
4.39264008265
-1.39167290155
7.86499098832
6.863275397
6.0576577329
3.63122040269
-0.694801911338
-5.39921359371
-7.72164405576
-1.43834692336
0.953012593429
-1.42943330578
-2.69417883446
1.70495503149
0.275865250261
-8.11868034401
-3.63389816678
5.56308118586
4.08798299981
8.92484653453
5.20567896774
-4.40296331884
7.72765905113
-2.26223529991
9.32421106697
-9.11548802886
8.69494679491
-4.94466245446
-9.88376534236
-4.53922015625
-0.754257499812
-3.21169697026
5.89554523164
-1.95217785157
2.51495151162
-5.95214309363
-1.08330575451
-1.22555567574
-8.60831607345
4.60343093879
-2.00716704235
4.65640938393
3.8690361089
-2.06130068222
7.65903159947
0.0130854816905
8.59214143401
-5.55420085742
9.34647542603
2.20323494433
-2.52386601433
8.26564033156
1.68865166572
6.62159178781
5.89148776354
-3.56244086098
-3.93487311309
0.854346588895
2.50170100178
4.71967360401
8.34900833393
-4.22093384362
-5.11617266508
-1.57304639939
6.53368358091
-8.79337725371
7.15401857045
-0.408151763284
3.65074642625
1.3010670336
8.56384606889
-3.86615932909
-9.18980791091
7.33293000828
8.99162054455
3.46778953871
-7.23647587191
6.38158440084
-1.138883344
2.76619403429
-9.1946421765
4.38754767289
-5.97894386316
-6.45490792272
-8.45232062478
-1.70633942392
6.06635651308
9.38935095372
8.1519612488
2.37960247539
-7.68535329294
1.79415008684
5.02301490114
-5.22980114797
4.67932935617
5.46794963041
5.01945822703
9.31495330017
-4.65308333201
-6.20510400662
-6.32092961935
1.72735174038
6.9224358134
-4.59329123318
6.64212740239
7.95792756683
6.52794161556
-4.91376723042
3.56261523139
0.157392235207
-5.79907267352
3.9289180806
-8.65782654177
1.12135454021
-0.432430809581
-3.47193139372
7.66564454096
-9.73753741641
-6.32547530062
-1.87008467926
-3.38268042772
-8.62495180055
-9.35144852778
2.48139300826
-3.7509808655
3.87216418697
4.13659228697
-9.55084389235
-5.73986550664
9.37360069213
-1.05661650201
3.27715001287
-2.47782465228
9.77716212815
-0.45510644935
8.85350983216
6.98192029304
2.5733651281
-2.39686372129
-3.26969616198
4.78585948271
4.2156996242
-8.10946296123
4.16504746398
3.69637443768
-9.43324006473
4.58256874389
-4.32585198433
4.3447214312
0.842583123395
-3.76378336639
-3.09719534451
7.06546312221
-7.69195756293
-0.960415351172
1.34746152522
-8.36275554864
-0.758951749061
1.71732640542
3.39258597984
1.60299229494
-7.12101264573
-1.84738798541
-7.40479746533
-5.98737288646
-8.99086217342
9.34677714436
-0.123905726947
0.273451697168
0.123710196424
-5.52792962553
9.15051316788
-8.68120315759
4.45309072667
-5.1126682689
-2.48847670927
-0.271508299692
-9.36276184527
0.58074870023
2.87228556559
6.99054511424
-7.5160976395
-9.24143042605
7.64417389826
0.429331166281
-1.29619774548
5.51337676826
-6.7688652862
-6.64626264198
2.3273223002
3.04180949608
7.34281365807
2.96627042724
3.85927007984
-9.07870911741
-5.93440893531
-5.66077073639
5.01457696662
-6.88691719193
-8.62528183379
3.02004664096
-9.62858840295
-8.04680945709
-0.53161709477
-6.90718792244
0.143792938451
-7.3658708207
-9.52267866424
2.67076779082
4.46730936937
7.69155837437
2.64159675654
6.04083987669
5.48558548409
6.83300039483
-5.20338076262
8.42072776699
-8.34198773523
-2.83391551034
-8.64668113602
-3.85973480022
5.30928797964
0.843535665084
-2.60808339475
-7.3060392783
8.72606442143
7.33279389204
-1.04343760003
-4.688870899
5.03960785622
-6.5308779249
-1.4054343567
2.44117776336
4.6761971936
-2.00842124706
5.00351440341
6.89659924437
0.604561924353
-8.52707510978
-0.503361021076
-2.47766281198
-0.746453294588
-6.35838096604
-8.51471304815
2.46870520994
-3.0784195784
-5.75726681958
-2.04366445512
-9.41038347141
-9.58648659323
1.09654033203
3.7516754889
6.7971924376
4.81210886298
-6.18307536386
2.72025939483
7.90847286163
-1.40941392884
4.02515953247
7.57594362979
7.81980298742
8.49885677854
7.87851585126
-7.22192194972
-8.12390980125
0.196817820588
5.94415326948
3.22263752858
-5.39979087759
-0.531924939862
-3.54950910361
-9.84232921878
4.52542542578
2.63024779878
3.46862543239
2.46042377729
-4.26343837319
4.83839600876
-6.02782719455
-5.74723149926
-8.73379333998
7.57847689657
9.05411471165
-9.17173402441
0.105064004894
3.4302200273
9.5451460221
5.23335301842
-5.03473984048
-7.60120894488
8.94025508562
1.61900553664
3.70019618026
-7.9559661118
-6.40968411558
-7.95080034697
-6.29111354733
-5.29158791723
1.22610990478
-0.649544709024
0.626133195154
-2.08474824205
3.48606632719
1.47070150379
-4.96598803281
1.0911970804
-8.38531810857
-6.13891159548
-8.92368565561
-9.84605125989
-2.10815312206
4.61178284984
6.30812858907
-5.43263752058
8.71563744075
-4.85444163144
-8.70143597047
2.33474047394
-9.86977078481
-8.02777190947
9.00612763788
-3.47712298864
-3.27098036887
-3.39174465092
8.34495167719
0.324879202718
-6.93797359332
-5.98372302486
7.24433941765
0.102895618696
8.56693160545
5.31982684155
-3.18635007117
-3.81142919066
2.62766312997
-1.89945206926
-9.52966796533
9.4547538713
5.76226025165
-4.87048959601
8.05661045796
-5.31908216686
6.8484702411
4.88070155489
-9.78146438973
-7.63775609544
-8.89201788916
-9.18822600103
-9.55897187038
-9.69692683695
-2.66136273303
-3.64501316928
-5.30566748865
-2.88471619705
-7.01026630413
8.48711379547
-7.1031056291
-5.9760499017
-3.47248003538
9.73339160598
2.14410249247
-4.12358239852
-7.82152519946
3.56082704036
-8.00236582661
-0.364935511645
7.2286155578
4.66582295647
3.21691646979
-5.49334100261
1.56533806009
-4.99552340831
8.825208391
7.2300734436
-4.58565146832
7.66461493773
-5.13045117846
7.43098130918
-9.1033329491
0.428939860903
-1.07580424956
-5.74245394185
-4.40617755868
5.65117769012
-6.15362141562
5.97538742877
4.6605013905
5.9643779318
5.3409014213
8.71448453721
1.80645375301
1.63976416684
-6.8897302194
-0.270527203374
8.17265537523
-4.82132770715
-8.29255079254
-1.50693196259
-0.065970365928
-7.73110138686
-5.65410218852
-7.65660170837
-1.43525768955
-9.74271401024
-6.30098517872
0.832183438803
4.89465486174
-1.55817348502
-3.63751589175
3.09914738121
1.03004302162
-5.77720073086
1.66838210155
7.3378263712
-1.85766682223
-8.76836953421
-1.31475694543
3.24792636413
7.75404135288
3.45727337207
-3.34906511476
-7.72612893512
-2.85823798789
2.8512997615
5.72125933031
9.2341005762
-1.68129598577
-5.7010645411
-3.44521085744
1.75065112408
-4.51770475461
7.99830377612
3.35350517064
0.0250545598858
8.7177217443
-4.92024483476
-7.09863760867
-8.59166469986
1.18487123872
-8.75665905198
-2.60782470198
3.32885060837
6.02640899665
0.960648665638
-8.046245842
4.61758318299
5.7951551019
5.90764179146
7.2572375724
3.46481219995
0.487193075425
4.32693925924
2.56422359903
3.61103570026
3.41576479238
6.86791766336
-2.28191794059
8.84404828286
2.26113385832
-3.43368935025
1.1477890784
2.56913157466
-4.74852168147
-6.15477701604
-8.1551113214
9.74027794628
7.39773935468
-8.49755191863
1.12302754
-2.03347667133
-6.59108419956
1.94671661501
7.66530778626
-2.79960751941
-9.858325076
-0.0334339883023
1.12735965625
-1.5774632944
3.58409498355
9.30924489596
1.72701062458
-5.48117585913
-6.16806257606
-7.07320090127
1.71061129608
2.0555454722
3.55378852702
5.42379732261
-7.27331910272
-2.40179674791
-6.1732330247
6.219879649
8.30503279837
6.81853747957
-2.96799331695
2.01035439179
-1.3064119264
1.39149805631
6.29058453063
0.87075940179
8.36427907689
8.06324725644
2.39672789548
9.62718025034
0.986502079779
-4.50699101519
9.30987923378
-7.43064241543
-9.35335112634
4.72974893954
8.87123349341
-9.51799746603
-8.67903694733
-1.6737642297
-1.67176693617
-7.1090691072
3.27307138005
-9.03041188431
9.84922481145
-1.29580026725
-2.30908009168
2.61554209541
1.17539227267
-4.57845863827
-2.75123653939
-2.95433449528
-2.83836585585
-9.22446160003
-8.71817991841
5.31379041407
7.77633172643
-1.38546972407
-1.23369695836
-8.69247727124
9.19172413216
-3.96636643076
3.21964684835
7.49737759042
9.06449075592
-2.95020066636
-5.54411662911
-7.92930443199
2.24595005623
-4.32866472137
0.716068697771
2.31137638362
-8.62707822149
7.57081637268
-5.8723116287
-6.78364764542
4.48812373504
0.822697198094
0.877191306738
0.367902330278
2.67220788183
5.07865105206
-4.22462489599
-5.64482213677
8.93538228926
-3.49844030119
-0.536031919866
-2.45879919682
5.95734944992
-3.82095290644
-8.84099434357
3.68621605676
9.06111597581
4.37372545732
0.209866945145
-2.25724044795
-4.68781751715
2.74672198516
-3.7530381634
4.36419102779
1.70399259664
6.57995569424
9.8489026199
-0.389271017185
-0.174631168478
1.1097774589
5.7377461068
8.77353998746
-6.67443505716
-4.19278827275
2.17857655112
-6.88211569455
-2.94943551846
-1.90605844143
-2.29506264063
5.10847138376
-5.44268983354
-3.52575363415
9.32415061542
-2.66773575846
-8.71879512454
4.99132056238
-0.10299559217
8.62960508492
-7.5226388671
-5.25482031423
4.43211167169
9.80836246812
-4.48322592917
-5.11236528741
0.193542580608
-8.35605037856
-7.56821794288
-0.512084999776
-4.04919605803
-7.56466896293
-3.44423002851
3.85732622597
4.26124985953
-4.00852777923
-1.60397312387
3.37637998748
-1.43272600862
-6.22083402549
-5.19586232037
-9.06621268675
3.40517405362
2.50574866431
-2.03433320418
7.51765961554
8.22298445877
6.69061658862
-8.2865707275
3.22541022737
-3.26067412071
-3.25815037367
-5.0414752202
-2.87427401244
4.6268332925
6.71794386697
-5.08599917153
4.97795556664
-2.35675605644
-1.14960369883
-2.14776633173
-0.99737309094
3.48960451502
-4.73268389814
-1.36456859733
1.91971751666
5.73112554029
5.99935576713
9.40792904564
-8.71324087107
0.721679221471
-5.19219483456
-6.54985682351
-1.06381189063
2.16733639968
-2.18209256923
6.90971976933
-9.32332059956
9.41432182512
4.86244327574
2.24434286024
4.79149208853
5.69560577092
2.43022046134
9.31025919845
-8.25691041512
1.51138713942
-0.0423802542366
-6.80575087413
6.45376631379
0.924977400905
8.68873308347
-9.08085665698
4.87900963085
-0.223842103622
3.50826060893
4.17831353733
-3.66217487044
-3.86617112159
2.30589379794
0.609591761955
1.97234308577
2.73658087348
-2.76872720888
5.00128829021
-5.01881152967
7.91528736358
-2.29117378038
-5.75013399852
-3.11440978921
2.60119332031
-7.43120866286
-2.57057540442
-7.20900760449
-1.16725301386
8.36108127648
5.63729100305
-4.74548292305
9.11173859486
-2.72047173358
-3.67948675309
4.87210454149
-1.89663565801
3.15942912234
1.80766219378
-2.01866278861
-5.90882154391
-0.477738284454
-8.57320730357
9.57444868243
0.233839561635
-2.20199102003
-6.13120512325
5.37631283614
-1.2761318624
0.747878495149
-6.25464755664
8.48433149396
-9.89209149708
2.86023939819
-6.73358753045
7.17002238461
1.77354116791
0.528044930899
-7.22920165149
0.948671884054
6.40406282281
-1.19138371807
1.1137253508
-9.21741358538
-7.50188934635
-4.25125383524
-9.25299435951
4.89649099726
9.18285849134
4.44376540425
-8.92459091666
3.48386433376
9.04655605134
-5.86153161064
2.2347240392
-8.12508064709
4.11947686146
1.01827567907
-9.66046459422
-2.88859632588
-9.09564585751
5.50501606125
-6.9272658147
6.90293526957
8.52027452556
9.2148332869
6.75417976562
1.20367739888
6.64937792256
-0.924666766735
-0.27177528133
-0.952008437657
4.4955217767
-8.81090337907
-3.87507173884
-4.68936645137
2.94703300643
-8.18736621879
-2.29634130164
-6.07760618426
-4.7752753271
-1.56498853095
3.437477859
3.1932647771
-1.71869079485
-7.40285469482
2.89844675567
2.96769934349
4.19209696858
-4.41866561289
3.6484294813
-5.03414047447
3.86000269925
-2.59275113533
-9.34660910355
-7.45999803598
6.58965600247
7.27362822019
-4.37320597881
8.14259406255
9.88581154388
8.65378493223
4.88006861852
7.73151392611
-1.19513120202
0.959976709834
9.63463804744
7.61434312479
-7.16498127083
-0.699673131062
-0.873763704713
1.17362954753
-0.118394766426
-2.43691104523
-6.1270616409
-1.29593508807
3.49225639831
-0.671246780681
-6.73141584346
5.80906464558
2.82903647198
7.72521096417
9.79746871099
0.652008391766
9.48270084597
9.67524301186
5.93595289989
6.85397364114
8.89233865621
3.5177352231
-3.04876205971
0.0949408170755
-3.12923943829
-4.86370712006
-5.32948786296
0.677956150514
7.67996531003
1.79364240544
-1.84965226519
-1.03454900117
-3.60017113395
-2.01365414339
-6.98227953093
2.54671394537
-0.471067067369
-7.30548885255
2.94801948267
-2.63095999568
0.982684716741
1.63688115425
-7.85842244158
1.25865895542
4.23108441972
4.91767272833
-2.5535421576
-4.90467099506
9.83414760747
-1.27151443958
-1.3244642471
4.1005874577
1.18755906655
8.13869375555
6.0953996785
5.03549711442
-1.06452159811
1.46642487868
2.84625352136
-2.8021045374
5.53016574714
-6.56016350502
-2.83946917372
1.9788148123
8.79715535759
-8.70474799401
9.6486590851
-9.60763388726
1.96294633068
-3.88300816021
4.11833160138
-8.17377441336
4.93066411205
-6.29588295878
-4.64435340174
-6.68075533444
1.33254895062
0.878048932175
-0.0479219314987
-7.23771059917
-3.75430326626
9.6605888442
-6.18909720515
5.59141658924
2.28566820901
-5.11333007338
8.9094916997
0.561164032263
-1.08870812077
4.19164560812
-8.13744066186
4.23227658242
-5.03358146943
9.45321589516
-0.366781941398
-6.44868805226
8.93611525442
6.19914392151
0.394264739681
-1.63666755695
7.78940453741
9.76907327098
7.31147135631
-9.0592962244
1.85570291466
7.67131466795
1.10071183885
-7.94860426822
-5.97977392973
9.43214192855
8.01548227168
7.65502672278
8.65815570372
2.52656370304
6.44041915432
-5.78582744219
7.97160617022
5.23995001375
5.33875608073
7.02305180778
3.37848871506
6.92609804837
0.740362832751
-2.18536969933
1.12144195131
-7.81799269582
0.68209391641
2.76068961082
-1.52663254096
-7.71326714903
-0.56370020799
2.37653423112
-3.83142353504
2.94678344155
-6.52278129058
2.74781858158
-8.29230125532
-4.07060343245
-5.33172191005
3.14312656793
9.15159678242
-4.0314508817
-4.31273388886
9.42609649765
-7.92727619582
0.602634615941
-1.82886726091
-6.4182384169
1.25029712816
-5.28957277359
-2.99417127378
7.86106730838
6.55667035274
-7.02308248303
5.04086237441
1.13852630971
-8.26400849949
9.27979902913
-0.307759605117
-6.37677782319
9.70011796663
2.04925630813
-6.69470966933
3.40183224918
-7.30587221021
5.38573876361
-2.56014875566
-6.06859117792
6.48630294036
9.38397709138
7.88916756711
8.09978130986
5.49197582486
-7.5389848251
2.43115356246
-6.93559909655
-7.62177145908
-8.99206221469
3.16094297871
3.07346473703
4.1134522311
-5.25294249005
-6.58487179738
-6.84691910789
4.33094744134
-2.82084006703
0.572521938121
-8.84531803265
0.590995861425
-4.7745181638
-4.41898244757
-8.48060919009
5.75800969174
3.49758924968
2.60373347451
8.84501648488
5.22715278215
-7.3814814117
-4.07837802735
9.88075319775
-0.0424244876351
1.01131599753
0.347493625676
-3.33792357683
-3.26631690091
3.58174325579
6.25010509779
-2.66349570024
-9.56269732291
-4.4894422038
4.6327258773
5.20568641757
5.68137703221
-1.7962078227
5.12077794043
-4.44233220065
-2.58981604303
-9.15657330483
-0.813157102818
-8.48332770238
-2.43465695366
-9.792233399
0.215987293915
-8.4941956202
8.81452651623
3.94516438321
0.910418734981
-4.47488843374
-1.97626687635
-2.9071660229
1.72682827418
-2.9399112126
-7.91224495862
-5.65713639221
-7.70428741877
2.28595130276
-0.419640834192
9.03129744663
9.21265398872
-6.47480787178
-3.76394821244
1.02589053584
6.1368847746
-2.6996427218
7.91719946345
5.72190430351
-2.73246703833
3.19976157767
3.88557037348
-6.39553008268
9.53662398649
-5.32457583971
-3.17393185917
6.32042865479
0.818297927295
2.29560229732
-9.86063030222
-0.404270528048
-8.84968869811
-4.25448832702
7.71617448423
-3.24257111255
-0.554526680581
-2.74748922141
-9.37240338923
-6.91779276794
6.6507859507
-0.29352406659
-6.66564657929
-6.09055364346
2.52018733533
-6.88074914761
0.947343231702
4.47376615935
1.81146079393
3.63064604158
6.53252910996
4.53476463366
6.17589817109
-6.64794545196
9.87603789442
-0.0544811106181
-4.62927796341
-9.22448146011
-2.64353689471
-4.28534922925
-0.567178723371
-6.91038700906
9.57533979986
1.37285102114
-0.381644755155
3.10932878009
7.23880087061
-0.267490335081
6.66818252452
9.30534384214
5.9105787416
1.00152152909
-6.49360278342
-6.05291650266
-9.14646713269
5.72407094711
5.19777513479
2.05407262681
-9.74300398218
8.82954821524
-3.25509942168
-5.45293867741
7.47626264048
8.26049248599
-3.41091015039
-7.83521484852
9.53359557303
-9.32372273855
-2.42349829402
-8.97803771488
0.95277106847
-2.08105276865
4.6118191263
-1.34596162807
3.07760100006
-3.20568997332
-8.81464535401
7.04518686886
4.8216206203
-3.06622011773
3.29213019381
6.59340777837
-8.55270799772
6.99219170308
1.37541128436
-0.560582696148
-0.569640741886
3.51255910872
9.13934700769
-5.54542998533
1.6731170529
-6.87979733892
-8.41678761996
3.45950328856
-0.784706969206
-1.92020655503
-1.65946400761
-2.60774127857
7.98943054715
-7.58472293827
-8.54559438672
2.89388221931
-1.56743719877
-5.05291636506
8.37076486868
-1.13507694826
8.80527393113
9.63105997348
1.57810090535
-5.39629999807
1.43589448913
-7.91833203207
-8.15003205027
7.40909643534
-2.89348820783
-4.68097454356
-7.21859411372
-7.87571553368
-2.51066997219
-2.57019679972
-6.25518597321
-0.85187364918
5.75885676478
5.71234039734
-7.37702432631
-5.15056128573
4.14423204261
-3.47447214261
-2.53341843687
-9.44499488639
6.97942088244
-5.24818362178
2.99408671169
4.3431970086
5.02931931525
-3.43315703737
0.124739933346
-1.47461172239
-3.79261380581
-2.16169168788
3.30037725857
2.73277462987
8.28769454625
8.55990687615
2.88231626204
-2.40742579017
6.13939535996
1.51712629265
-9.59863195501
1.39533502587
-9.82408493113
9.27115833093
-7.5022626034
3.28262864775
-1.69916733447
-1.82771799009
-4.98046484275
3.67156729209
5.98087525607
-5.10910331975
-2.58760056521
7.16502227259
1.5210628761
-4.76187403185
-8.81541087532
-6.62802486371
3.64379629212
2.98809086184
7.79998846713
-5.8297618423
-1.96482913831
-0.216811819215
-1.41123020889
-4.9576270953
-7.06521733756
-7.52985389452
1.95339186128
6.63849766826
-5.35926248605
-9.61784573549
0.347179211268
9.47650772761
1.97995824681
-6.614888577
-1.83139989151
8.74389137999
8.42459211101
2.66181492791
-6.10095864804
-5.39934821629
4.67960822251
5.08928835229
-8.98362808346
1.91113563343
8.88554450301
1.73353766246
-2.01836249016
-7.12138123741
8.1368576984
0.928072535579
-4.99383823799
8.51030074475
2.56644747175
7.117200197
-5.43495054239
-2.8247566521
-3.02230803024
0.00867528969158
-4.10938437195
-4.29695750214
9.3918572379
3.94376394782
-3.79549435663
2.24179304339
5.51029948369
9.84409595927
2.93297323976
1.80131591584
9.20722779313
0.297259338525
3.36962684986
1.74229101176
8.11804099046
-4.90817128369
6.59071150955
5.49563329304
-5.20656975785
-9.84616735008
-4.8231170507
-1.44213054547
-8.42417339429
-5.48563182889
-7.44379725758
-6.88370509576
-4.00891751258
-9.73812013092
-2.19003021687
7.64416794208
-1.09286894612
-2.71105096475
-1.99327193734
2.97212806788
5.60218628079
-4.93903053092
-2.86216358099
-3.75937526274
-8.93794139997
4.85119003177
3.17860559371
9.08759680809
3.82947939535
-4.76968037152
-6.03065422734
-1.62729712523
4.59214211448
-3.07447218899
-5.41102755305
6.13639071128
4.18873147771
1.36764457726
-8.16939678673
8.8578567651
4.97770295913
-9.71847031378
-5.57214205295
8.69212534949
-1.48509207819
3.07194488299
-6.23523976233
-6.00876931201
-1.00543508076
4.56605333441
-9.49014197774
-3.54087736733
-7.41218848129
-8.38552264713
-9.53712097719
-1.72681970411
-7.85647124852
6.61306723513
-6.81925678978
-6.86667449972
8.16244864875
-1.27899425425
-6.60137921765
-1.88823619894
1.27871217471
-2.77007417694
-9.28370408448
6.59546487804
0.829617099541
9.29850706905
-5.07103283917
9.29878803296
1.5672849612
-4.56888925076
7.86090738125
0.262526356606
-9.53622069499
-2.15059701569
-7.13245112138
-3.6378089432
-3.08732172157
9.50350158434
-0.749434187694
-4.3564846201
-8.83999571063
4.30829564012
-3.21066900359
1.75971071419
-5.65097621264
-7.38097240722
-6.18774450679
5.97261715947
9.1957934112
3.17975256412
3.88121893652
-8.50980119086
-1.89874606826
9.42911912089
6.21527094378
-7.71047062092
4.06546214697
6.71454385608
-6.70724324775
-9.76798057926
2.58160194933
-0.153876203265
7.08624932971
0.29511478627
7.39691181902
7.83770322728
-0.245809266797
-8.61756952985
1.18893462151
-1.86371039067
-1.22250727311
6.83404697225
-2.28391789412
1.30964978812
2.38545148603
-7.22907199853
7.68545363061
-5.00101640809
-4.12086023968
4.6940760198
-3.29248903524
4.91375380135
9.70753020724
5.3371274388
-6.88017116761
1.92605681038
-5.07807088689
5.05907449777
-8.18629272331
4.54448290263
-8.95906379513
3.44806525087
-6.86761834225
-9.2318811199
6.48789425012
1.40167914631
-5.68917954094
-9.69111230024
-9.01187426399
3.01833937469
-4.10955605009
3.00594386717
6.73917744263
-9.7156572863
2.43976779439
5.75746012345
1.58964079281
-2.18420782464
9.11462308267
-1.40674199646
-2.00571771281
-9.66963961529
0.320063192914
-6.88614281471
-6.33441888351
3.41196339855
9.70984289251
0.0292229088324
-4.26953499866
-1.05256334891
-2.87570914765
5.64684189967
7.51234278409
6.84825126849
9.66414271541
6.6776035008
-0.84813691586
-5.51576964069
0.0815770568283
0.47927044732
2.62001264215
-5.45919356117
-3.14937349936
-3.52295563082
7.54092287031
8.11412571925
6.00814367796
-4.84717614244
-7.81659904181
0.918963839258
-9.68216100013
-3.20929940019
4.68745011948
-3.31414407059
-8.32401774075
0.69078920679
0.303017120949
7.57464862156
-4.83710719644
5.59993373819
6.08241584142
-7.39268782681
0.973701326101
0.80163258526
-3.78743784816
-4.06168686444
-2.15095641032
5.52832095857
1.53024616298
-5.1685326955
2.3677804162
-3.08509614314
-8.12611297947
1.30789832073
-8.72132251813
-1.82450986317
3.57601719049
2.91075795926
5.58707155103
-7.35321006031
3.78747288452
9.30826473548
-7.83521647587
-8.89321088167
-1.00188093756
-4.81387326157
1.91899752417
-0.586670443576
-3.38028410237
3.00220029715
8.32656183192
-1.244555066
-0.491676355105
-6.86680824639
-8.57991721278
-6.26847244142
-6.28682666947
-9.4420231765
-0.210245927868
5.22359611726
-3.64780940696
8.76595416937
5.60781722239
-0.1260323369
6.65161837762
3.2159995361
7.91031347811
-5.2369652436
3.93799239058
-1.82447299201
-8.09444665136
-8.61062395966
5.30910271569
-3.3205849513
-3.07029407596
-0.537805474
0.945214266015
-6.7907612011
2.8764949209
-1.96295108825
6.37552190816
-4.76320094621
-2.24029304482
3.33268416189
6.49582880442
3.42800807616
-8.13975754227
8.40471951335
7.71110073133
9.80840666464
-2.57104008791
4.78685026935
4.93579573027
-6.554820258
4.9247565907
0.12240309143
-5.45597981921
-5.10650687227
2.87969873743
-5.22802006563
-8.82911653969
-8.57581558043
-8.6107207061
-3.64173823817
-7.68211472127
-9.76535089795
0.744150188995
1.80740261127
2.15639990742
-1.6754826615
5.32299079961
-2.82806873096
-5.21644825822
6.66971435085
5.70745885573
-3.9879824144
7.29276155536
0.853925797658
1.63077574664
-8.11110685319
-1.96281139922
-4.63226301939
-5.84171536158
-3.25228034122
0.667619563632
9.7638706396
-7.49519672482
3.96956472445
2.64050370062
-3.18832235981
-8.47974340487
-3.93972381811
4.0487266769
4.33370464575
7.83669027554
-9.65809889342
-3.91097925925
1.86244108345
4.53509418746
6.25036394269
6.61711081777
-5.12067626585
-6.94835467177
-2.40186333081
8.88367771529
5.56424481698
6.57021120332
-8.54981304511
-3.01142540637
0.0477082650521
-8.76051401455
6.86780784744
-3.06776948529
3.27563622104
7.23945341812
-8.37771737698
6.82452293377
9.79397623178
-9.44817027276
-4.72535475824
4.45344600914
4.65564812691
0.861014684979
-9.38480214683
-0.732041504754
-7.47630566605
2.01594727745
-9.65894611859
0.245618420082
-2.81291007207
8.76053355654
2.11395883514
-9.03026372202
9.2047689786
-5.73841679945
5.80279396318
4.56486694349
6.10327291917
-6.00682660144
4.69375605951
1.08956833705
-4.68835464753
9.24930358374
-6.90793461632
-4.2467080756
5.96303674012
8.49977035611
-7.8348394432
0.217909992281
1.22596247087
7.48993467455
7.23457367903
7.49826017925
4.52032817547
-5.95266588215
5.84147767218
1.91946674395
-1.61795247749
-2.16424392501
9.3563586563
0.450972532842
-2.38250604879
5.79827641242
8.16689934923
-4.70272804028
-8.54486867777
4.53279188402
-0.962789995471
7.7924163962
7.177279617
-1.0215841621
-4.86043746284
-1.67009132248
9.52963874685
3.21373993091
8.49984836271
-1.80984593604
2.00946551485
-7.45179554577
9.15497144266
-3.87635514819
5.84578068982
-2.20214736515
-1.82335787241
-7.48494676072
2.59295146952
-2.70977636059
-6.53299220298
-4.90592185287
-1.47769383829
9.58939934063
3.95993414318
-9.03669423934
1.12298444529
-6.10444080536
4.18354502299
-3.23141952011
-2.09768584035
5.58787654817
-5.79107245372
-7.81660105179
-2.35830848046
4.13968079701
8.80417232358
9.75750587998
-7.70683365823
2.73516733172
0.8253654701
4.39033712458
2.92471023808
-9.85687747522
-1.54676036463
7.1069777641
2.12903076062
-6.97308007201
-8.49280329388
-9.22216694465
9.69094407041
-1.10344918319
-6.67793157016
-2.52857490509
-8.8706981379
-8.79343656658
-9.63864867746
4.13119657762
5.3785089656
-6.08985721753
-9.11949785213
7.9615154233
-6.12169895792
8.96705663886
-0.307177448414
9.69128709477
6.95964834584
-5.48395331548
7.48419567807
9.73779705885
1.04672697902
6.72398140547
-4.22231434517
-8.8112257412
-7.06563480496
8.97306320706
-4.65069433664
-8.6363463194
-2.79469511814
7.01529918437
6.77440874755
6.78113914381
-1.05656890328
-6.4433688789
6.81481574735
-7.26955117322
5.62206388035
-5.59618643403
8.4994328592
-0.170375099562
-4.5676149693
-6.4132826858
4.80145801844
5.16101466815
-4.98086661754
-1.55539820461
7.89840427521
0.39370651373
1.71190233045
5.40024239018
7.8731185791
-9.10527005848
-2.45393896283
3.3847779575
-1.64568736235
9.01294006992
3.53744006577
-2.51682846449
-6.42880752532
-1.13025516668
3.25967700448
-7.27583451941
0.221395805367
-2.97948354959
4.55021603514
9.09800811
-7.34010114806
-0.38474975072
-0.534155414168
-4.5030362912
2.80147451919
-8.57085215055
5.90921729799
2.9642417024
0.560086346245
-4.20386697573
-7.4403033723
4.11959216795
1.55332114805
-2.28451084755
-7.81868214675
3.39676385776
4.86633526622
-8.53973896351
-5.81462114414
-0.945991026621
0.528466049449
4.00887308556
7.8628609531
-7.40763319729
-2.98575534301
3.13866980524
3.48066273466
7.01331802139
-6.35710400614
-8.76759992839
4.808218108
-8.66709585212
-2.76560243621
-9.54253207488
-5.18779549922
7.26876581487
-2.40334647966
1.25354856186
-3.81316526973
-2.37224867634
8.31619100161
-0.322594767814
-4.74878562047
-3.81494614
1.32861682508
5.04039260604
6.14320718172
6.32784862645
-8.35938853185
0.208819196771
-5.05167852602
2.17609086923
-8.30930362405
-4.89692586297
-0.305180708087
2.96074072226
-0.825000732421
-3.86549080316
4.93104062379
6.9845667503
4.19996994187
8.67836732883
4.03495609386
7.07401736359
4.57449920743
2.59516604838
-1.0806378928
7.22445765983
9.18736018815
-1.7020419199
-7.94401711497
-9.35341889403
-4.26692010177
-5.70977847912
9.34016804305
7.05950768864
9.04044814509
2.29783751997
-1.06861648135
-0.45801287176
-9.2493794144
-0.691074209099
6.34100907441
3.9205315942
-7.30097827218
5.78203060308
-5.46230208803
2.15563385134
-6.14179095692
-9.20030503345
1.46583285187
6.15129891095
3.19504532467
3.2193049304
5.73077312527
-6.72395265722
7.65786002063
4.63157113896
0.068972857103
9.12853062559
-9.82834417176
0.533006037314
-4.74735635846
-8.60475088458
0.132418782178
-2.20697030847
8.41091832051
6.96852732815
9.75989174975
9.13903818988
3.40981617708
9.70131976893
6.00838641997
-2.38945674996
-3.47896540304
-8.24822607822
-4.69756355705
-3.68722195052
5.90506899352
5.53294078783
6.94445657759
-3.06737306737
-1.31962115327
8.38485442085
-0.249594308797
7.94157532534
5.02172003121
-5.70212286492
0.753119062598
6.08534265868
-3.99117514377
0.782370445384
-0.852835443232
9.71158439759
-8.42630346639
1.7986845196
3.82978682093
2.94651618792
-3.87670215102
-2.12260321677
0.544299070594
5.59585685257
-3.13832977741
3.42056842421
-4.80362237084
-1.03237838371
4.4693837014
-1.06684982846
-7.45480113489
8.27000756254
-0.665459097495
-9.57407832511
-9.50284352321
7.73171020347
3.82727640153
6.30798521661
8.94665992499
4.68776395302
1.9111598454
0.426933785232
-4.98793252378
5.46987725691
-4.93464154974
5.78488428655
6.58908131865
3.51841827529
-0.656377950813
0.739194826698
5.88627706919
-0.827942619922
-7.38702573513
-5.50817558444
-5.97058994213
-7.5348934501
4.25163182219
-4.16552218354
-7.6951853517
1.91455102344
9.07216999661
-2.40360166419
-2.02042940462
6.41671754404
5.7338853079
-6.11303812303
9.64647988834
-9.02401044255
-7.9189623822
4.9698230846
7.67351422267
3.1379023892
2.4944202858
1.05471075018
3.08457719478
7.93353248104
-0.203648605222
-2.64229460236
6.51318343142
0.836032694144
-3.47359991716
8.32543292367
9.83214733124
-7.56207258
3.48329990268
-1.45978701989
6.78653345632
-7.1211690093
6.59413426181
6.23673759418
3.84971075606
-9.23874092939
-2.19882814994
4.77033641345
-5.2273935234
-0.296841161185
-3.07839086242
6.99127745705
4.84271413813
-3.998550043
-6.79035548933
1.31652547461
-9.45977411078
9.07826888561
7.30357589522
-0.693180193704
-8.29073277451
-5.53686046624
6.13089456745
8.81407043508
-0.525859261636
-3.24928846237
5.61673916111
-4.46312228059
5.33446882484
-2.83575541688
-8.79583312243
9.54492093656
5.21197837072
-4.25746718248
5.89525007801
-5.09536513612
4.69555600616
-7.35722162618
4.42302449046
6.22556390579
-7.58748775387
2.90244007036
7.94176140987
7.22866195793
-5.48829569369
-6.03046603602
-6.45094245271
5.81380796878
4.76775554793
1.6252862044
-1.74640517883
2.34698507619
-1.05059675829
9.55601933828
7.82207648729
1.1831734922
4.14983672999
-3.93385113488
1.97389299732
-0.363485725704
5.92088802318
-6.54892324294
7.47824957063
6.70220874478
8.44118102769
-1.38237355675
-5.07661238796
5.94978317382
-7.28570832214
7.85331393814
4.07525238799
-1.00270478518
-0.00759617916951
0.509447956227
-0.454589381897
-8.9352662636
0.656274192491
6.92630510862
-9.80556535453
-8.56887143936
9.83154686343
5.94769284954
-8.57830007753
-0.624600059568
-4.32116101282
-4.58729234992
-7.39225697184
0.133544020828
-5.96546333504
-8.39787861889
-2.62841265442
-2.52632647926
-4.31096039005
2.88373826784
3.46755277593
-6.65453741312
1.4293636618
-3.76226641207
-8.32890960426
9.65844122627
-2.37326827577
-1.18477865976
-5.93069489264
-7.70057066539
-6.16117966102
-9.57213222614
2.95078125565
5.02601813914
4.49984139511
-8.4948052159
6.50876490907
-9.11453507687
0.155272706285
-2.2334308842
5.53591296334
-6.87325260308
-1.27995653697
-1.21372654012
-3.95850482123
-1.73831298399
7.52117619608
4.38349335345
-9.15035617274
2.64804687117
-3.35392861726
-4.38874343603
-8.19125692767
-0.717527104499
-9.46127186426
-9.28978851177
-9.66007637297
4.19593200653
-6.70804781616
-5.64876894531
-0.201966477535
5.73339259993
-2.85318726677
-9.08920083698
0.132658232616
-7.65329018732
5.80698940999
8.57361524661
7.56328569075
-5.17085483136
-3.56188542411
-8.84023870158
-5.51403531344
-0.987072425542
-6.08204858205
2.9945385101
-6.2258882318
-1.64637687321
5.7304950703
8.90352315977
-0.993632609652
-9.41234654456
0.713997749522
-0.408771510308
-9.29239740637
-9.31423169878
2.49916278841
-7.12855643403
2.49947588434
1.85198654853
-4.05769651862
-9.8949058753
6.55441939138
3.46291626751
-2.31526076752
1.84192590982
-3.68361396198
2.20881818577
8.66397611363
-8.46479754573
-8.01653484216
2.31071286421
-0.0795661728782
0.00652910086944
-9.29345786003
-2.72514300636
-3.84548032362
0.196543993032
6.74056458265
-4.88055716361
3.80825783808
-9.88396574109
5.09678735398
-0.568204311251
9.73700937243
-0.576314323925
-4.5558840369
0.29520655847
-5.19648157873
5.83276784633
-1.28431805148
-8.74544677749
-5.69976441571
5.41884143937
2.89404264432
6.22302753644
-5.61702019878
-3.99276536095
-7.33858831051
5.4446613062
-9.53519867068
-1.82087735839
9.29846677263
-0.420289730541
0.966123935177
-8.41375731638
2.79457305332
-1.5799210855
-2.14800884324
-6.46871744682
5.47154939463
3.18038509942
-0.989487264838
1.71715565389
-9.12198269498
-0.751118689555
-8.33044300723
5.55006994206
5.00910438935
-2.8803893086
2.91797559597
5.00223765096
4.53335454022
2.67692877715
9.13670847049
1.26923409839
-3.37435690534
-3.25373145485
-5.65870534786
-5.08505598823
6.61248159784
6.84332830099
-2.9595674792
-9.27945420225
-8.12975303089
5.34221716552
-5.40196498947
8.53520179238
1.3279598842
2.24354945737
-4.65995480031
6.8385964061
3.00684861189
0.831332253602
3.62781914247
-1.52206853936
-7.59331725479
3.37846187537
-7.39257848572
3.65985772264
0.804311326683
2.68181892111
6.20811393841
-5.03258672737
-4.43751100454
9.14969838822
2.00479582793
2.73959718557
7.61279218982
-0.912320637426
-9.83281749374
6.86354928449
-1.90730013447
9.21448698019
8.06510373609
3.12791455696
7.54488839103
-9.51324229501
-8.50797492084
7.40498291829
-9.45430492651
8.54960735865
-4.38299190022
-5.67466391441
-1.44296236847
-9.13480181509
5.83218789784
-6.54328839663
2.17258385915
-4.38244687283
-4.56133090394
-6.53107961445
9.21127284637
8.39078098631
-8.85753072415
-4.82714569218
9.18046705264
-8.61904894917
2.22452443985
-3.89186428129
7.0786414341
-4.85446581113
-6.66493789064
7.40474898147
4.16461230783
-2.62835945909
2.18168989087
-4.21163829288
-1.62589261917
3.92848457024
3.23349800118
6.58593084037
-9.04750361879
-1.86799227585
-5.70230514617
-3.06594528518
-9.85527617087
7.37596070554
3.35597266128
9.6631426257
6.58133477589
-3.82097905463
3.33508930626
-1.03752808253
-0.407432052006
-8.22327890706
2.59193607445
-5.04089299895
-4.82528790788
-1.66177125302
-2.25423454073
8.11212375574
-1.28294924562
-2.80448966033
9.55763453731
-3.76696629018
9.56302731467
2.85289863175
-0.01973342265
-3.28091704342
-8.90697250278
5.59709196708
-8.47496321974
8.31978421957
5.68608411122
-6.89323093216
8.85293830162
-7.42403299141
-0.142609170648
-7.84276764946
3.62320046572
-5.76020649887
-3.76557932535
2.13692485714
4.89340090598
4.64657875429
-8.15577573978
0.237940894332
7.86283439923
6.19613653447
-7.67364844418
-7.64544162423
-8.12764138054
-6.64594717187
4.22042175963
5.85115476422
7.18670532319
-1.7916778248
-8.0079226617
9.02792271262
9.2112702878
5.04473394238
-2.71252257466
8.37057989516
-3.21917294015
4.15597372564
6.30241878801
2.82529860919
8.46612283275
-0.417000079555
2.79375118341
-6.38987166059
1.85068380464
3.30458352054
1.90669562365
-5.30293524764
9.83452727709
8.28997732154
-8.97644108512
5.51809889907
7.91503249253
5.12136276635
0.975779415312
-6.33215416577
6.88347401255
-4.86702585122
-5.00464793092
-2.28151487037
-5.79571842656
1.77360564863
-0.979534593429
-7.04452486153
-8.63809667577
-7.35283409256
1.79346365549
-8.55091401647
4.5497096676
3.95041719495
-9.22166529319
-6.74695774476
8.05667112618
-0.555337311201
-0.526695044671
-8.05362787758
0.359911611783
2.60942917804
-7.9957865569
-3.37786823965
2.38646303632
-0.834759468384
0.191249165333
7.38462809131
3.47841974869
8.39457077666
1.11262271521
1.7552697363
1.35473334842
7.91904156437
-7.92421010906
-2.95446315246
-1.6297308565
8.14021633874
8.19595366635
8.14848904918
-3.36851715629
3.65949922697
8.41853980653
5.647517313
4.09522502366
-7.73381879736
6.96788272836
3.24868655162
6.19103065876
6.95778887888
-4.11498106551
-7.04792571146
-9.47156794266
-1.11586973709
5.32646808411
7.29860548573
1.68520732922
1.33421137036
-3.61409764721
-3.82637126034
-2.46985087571
-0.977751934453
-7.85240084463
9.04850534046
8.34428627688
4.53143712497
1.02856179055
7.35431975849
-8.14182877174
-9.83848189505
2.7721259013
4.70972205745
8.56921687016
-8.20942376654
-7.57877582584
-8.09719833294
-7.933635156
-4.740606872
8.63480793758
-2.48559010545
7.49494092716
-2.10085750641
-4.54002745381
-8.1065718995
3.79942214873
-8.28396572838
-9.03020123745
-8.28987374301
-0.361898694062
-5.48948178035
-3.74497596152
-1.04285319362
-2.12736009812
-8.58750067053
6.25443962048
-1.43424139091
-2.10684251343
-4.98374788293
-9.87235623732
-3.0856471728
0.814794632912
1.85410972861
-0.775297135412
9.07521750489
-1.74694087548
-8.63501952489
